0.8097922017637575
0.810183591326071
0.8082706296333636
0.8028902103501152
0.7649072446659408
0.8097922017637575
0.810183591326071
0.8082706296333636
0.8028902103501152
0.7649072446659408
0.8097922017637575
0.810183591326071
0.8082706296333636
0.8028902103501152
0.7649072446659408
0.8097922017637575
0.810183591326071
0.8082706296333636
0.8028902103501152
0.7649072446659408
0.8097922017637575
0.810183591326071
0.8082706296333636
0.8028902103501152
0.7649072446659408
0.8097922017637575
0.810183591326071
0.8082706296333636
0.8028902103501152
0.7649072446659408
