0.5766916843298943
0.6077575979812148
0.6038784647865162
0.5888040900793526
0.44099713130663964
0.5766916843298943
0.6077575979812148
0.6038784647865162
0.5888040900793526
0.44099713130663964
0.5766916843298943
0.6077575979812148
0.6038784647865162
0.5888040900793526
0.44099713130663964
0.5766916843298943
0.6077575979812148
0.6038784647865162
0.5888040900793526
0.44099713130663964
0.5766916843298943
0.6077575979812148
0.6038784647865162
0.5888040900793526
0.44099713130663964
0.5766916843298943
0.6077575979812148
0.6038784647865162
0.5888040900793526
0.44099713130663964
