0.8946135651736332
0.8858161965827082
0.9017384288441773
0.89109361743283
0.8701867639429377
0.8946135651736332
0.8858161965827082
0.9017384288441773
0.89109361743283
0.8701867639429377
0.8946135651736332
0.8858161965827082
0.9017384288441773
0.89109361743283
0.8701867639429377
0.8946135651736332
0.8858161965827082
0.9017384288441773
0.89109361743283
0.8701867639429377
0.8946135651736332
0.8858161965827082
0.9017384288441773
0.89109361743283
0.8701867639429377
0.8946135651736332
0.8858161965827082
0.9017384288441773
0.89109361743283
0.8701867639429377
