0.9038839074927729
0.9043793437467529
0.9098747205789781
0.902095992918532
0.8776025082729316
0.9038839074927729
0.9043793437467529
0.9098747205789781
0.902095992918532
0.8776025082729316
0.9038839074927729
0.9043793437467529
0.9098747205789781
0.902095992918532
0.8776025082729316
0.9038839074927729
0.9043793437467529
0.9098747205789781
0.902095992918532
0.8776025082729316
0.9038839074927729
0.9043793437467529
0.9098747205789781
0.902095992918532
0.8776025082729316
0.9038839074927729
0.9043793437467529
0.9098747205789781
0.902095992918532
0.8776025082729316
