0.90275352074767
0.8945237320714999
0.9084182196550028
0.8898763056229213
0.8663547294703284
0.8977661675255084
0.9001828806974129
0.9081786939760573
0.9007055521799195
0.8694890277938324
0.9013304712076294
0.8928161601855059
0.9010340721358824
0.9008126282541525
0.8709276989252986
0.9016367354705969
0.8883977628331065
0.9104034894739362
0.8856062662703348
0.8723516732264168
0.8980209823983643
0.8931682474644007
0.9032269943297139
0.8961965328020093
0.873485777772717
0.902892111683579
0.8911270555044625
0.9043499554084136
0.9002715270848354
0.8694951021999989
