0.9086221838238807
0.9143363723253488
0.9127578747843352
0.917426735975012
0.9113463640754609
0.9104668803024429
0.910353507750988
0.9101298026149767
0.9128653187793909
0.9184303556992653
0.9114139428088887
0.9114941425655574
0.9172614127201649
0.9128893728252344
0.911049043282309
0.9135882391758301
0.9167539912763133
0.9041279984270849
0.9097498583093188
0.9181949019360717
0.9112631928948289
0.9114232188158988
0.9198755867208335
0.9144960104925902
0.9115274369550544
0.9131982984809207
0.9101687621508584
0.9136511810677099
0.9155955826137584
0.9091487065980846
