0.6201248878862332
0.6274258741630235
0.6238825136957099
0.6416421509459828
0.616030347379711
0.6170508381936916
0.6204698095839604
0.6220804083789852
0.6363083884291045
0.6212334368877428
0.6266322356256967
0.6358332352073313
0.6080273672190522
0.6225258948057116
0.618361213233048
0.6358224840330458
0.6006490861229166
0.6208573474736115
0.6208012760415109
0.632336508212577
0.6204572905170436
0.63304594608539
0.6238114548615504
0.6275034369604567
0.6189476877831671
0.5966870047601928
0.6276482555806729
0.6288993894279468
0.6368726206933158
0.6202184180484592
