0.9150669171872843
0.9123873269594055
0.9104936443872376
0.9122994396734122
0.9077128568257599
0.9112382505628601
0.9113208183406276
0.9119230569609117
0.9084374256443484
0.9148330457743025
0.9082021159916073
0.9097627873252653
0.9129434861623782
0.9132829063060154
0.9157352084567117
0.9121161359412128
0.9104872829610429
0.9139198007071827
0.9150715969712331
0.911311332141126
0.9117500961438929
0.9140377305764416
0.9114272207574713
0.9063015085615086
0.9108641439410753
0.9154053001466994
0.9097704860609682
0.9092776329293873
0.9072838620413597
0.908587061879255
