0.35277254350441717
0.3914958232178936
0.3574349642213044
0.3600069144596538
0.3800822447017553
0.3704928241713534
0.3798939330278209
0.34670163368701207
0.3620355548853064
0.3368786704663616
0.3517965318134905
0.3621745794369775
0.37301565644828066
0.34371901305095226
0.3925527366792279
0.37182732885336117
0.35883325025069995
0.36050888297756317
0.3684837193079454
0.35038120235177533
0.3547459589023181
0.36105812473205073
0.3703229440245177
0.3659239627323576
0.34383562257545525
0.359243682233481
0.34790227573305743
0.3525355138273289
0.3663445721608247
0.3675767829934582
