0.9118468741659765
0.9209844916473582
0.9167545776907989
0.9149759300421385
0.9085220414721801
0.9136280105808328
0.91785781212136
0.9176960899559742
0.917523340655746
0.9167496250261049
0.9173069948537765
0.9076387912197892
0.9132159022077114
0.9135517188082555
0.9121929093784683
0.920799126098859
0.9158373196221364
0.9156591922769639
0.9132115488176092
0.9146771615590001
0.9082591601842873
0.9189091465149685
0.9124808246884513
0.9157721554859016
0.920897420041941
0.918197445634256
0.9190064895359659
0.9126710321462803
0.9082466720798603
0.9179106615470619
