0.34167982458986956
0.3426174748583392
0.3947647148938243
0.37015687058706254
0.3539208670902279
0.34167982458986956
0.3426174748583392
0.3947647148938243
0.37015687058706254
0.3539208670902279
0.34167982458986956
0.3426174748583392
0.3947647148938243
0.37015687058706254
0.3539208670902279
0.34167982458986956
0.3426174748583392
0.3947647148938243
0.37015687058706254
0.3539208670902279
0.34167982458986956
0.3426174748583392
0.3947647148938243
0.37015687058706254
0.3539208670902279
0.34167982458986956
0.3426174748583392
0.3947647148938243
0.37015687058706254
0.3539208670902279
