0.8060733324936407
0.8084355769879639
0.8036831656587053
0.8018502668156889
0.8147371060870282
0.8070933386245308
0.8099207001491449
0.8103926337781494
0.8148628627449069
0.8120934961565758
0.8040360511867869
0.8184059400073607
0.8086491860124426
0.812059633306207
0.8136505609249696
0.8081984004550574
0.8112151307184247
0.8237363358238611
0.8068006801130041
0.7996174322608013
0.8003043822640596
0.8099649042588349
0.8055728125112899
0.8134175782162932
0.8118526423049938
0.8134295217347974
0.8032856380303892
0.8127917333563713
0.8085959711441587
0.8097575747864991
