0.8088233514335048
0.8008153797588156
0.8069156158440594
0.8058437010659141
0.7855494828844701
0.8088233514335048
0.8008153797588156
0.8069156158440594
0.8058437010659141
0.7855494828844701
0.8088233514335048
0.8008153797588156
0.8069156158440594
0.8058437010659141
0.7855494828844701
0.8088233514335048
0.8008153797588156
0.8069156158440594
0.8058437010659141
0.7855494828844701
0.8088233514335048
0.8008153797588156
0.8069156158440594
0.8058437010659141
0.7855494828844701
0.8088233514335048
0.8008153797588156
0.8069156158440594
0.8058437010659141
0.7855494828844701
