0.8285959733502374
0.8165669130791571
0.8540265483677928
0.8486150300625582
0.8314940624102395
0.8285959733502374
0.8165669130791571
0.8540265483677928
0.8486150300625582
0.8314940624102395
0.8285959733502374
0.8165669130791571
0.8540265483677928
0.8486150300625582
0.8314940624102395
0.8285959733502374
0.8165669130791571
0.8540265483677928
0.8486150300625582
0.8314940624102395
0.8285959733502374
0.8165669130791571
0.8540265483677928
0.8486150300625582
0.8314940624102395
0.8285959733502374
0.8165669130791571
0.8540265483677928
0.8486150300625582
0.8314940624102395
