0.8704532206424843
0.8684228095929646
0.8807153224834966
0.8762704325604359
0.8535913309714411
0.8704532206424843
0.8684228095929646
0.8807153224834966
0.8762704325604359
0.8535913309714411
0.8704532206424843
0.8684228095929646
0.8807153224834966
0.8762704325604359
0.8535913309714411
0.8704532206424843
0.8684228095929646
0.8807153224834966
0.8762704325604359
0.8535913309714411
0.8704532206424843
0.8684228095929646
0.8807153224834966
0.8762704325604359
0.8535913309714411
0.8704532206424843
0.8684228095929646
0.8807153224834966
0.8762704325604359
0.8535913309714411
