0.8829681922055065
0.8788346796473636
0.8848107010580651
0.8691778618211279
0.853957322438846
0.8829681922055065
0.8788346796473636
0.8848107010580651
0.8691778618211279
0.853957322438846
0.8829681922055065
0.8788346796473636
0.8848107010580651
0.8691778618211279
0.853957322438846
0.8829681922055065
0.8788346796473636
0.8848107010580651
0.8691778618211279
0.853957322438846
0.8829681922055065
0.8788346796473636
0.8848107010580651
0.8691778618211279
0.853957322438846
0.8829681922055065
0.8788346796473636
0.8848107010580651
0.8691778618211279
0.853957322438846
