0.88522734270349
0.8783134669491296
0.892513178050896
0.8761035804864875
0.8617258744483589
0.88522734270349
0.8783134669491296
0.892513178050896
0.8761035804864875
0.8617258744483589
0.88522734270349
0.8783134669491296
0.892513178050896
0.8761035804864875
0.8617258744483589
0.88522734270349
0.8783134669491296
0.892513178050896
0.8761035804864875
0.8617258744483589
0.88522734270349
0.8783134669491296
0.892513178050896
0.8761035804864875
0.8617258744483589
0.88522734270349
0.8783134669491296
0.892513178050896
0.8761035804864875
0.8617258744483589
