0.8705209683134721
0.8607294647534709
0.879787485041566
0.8677709878336043
0.8641648208181524
0.8703845698474083
0.8674436729820948
0.8814713508226989
0.8758335817062952
0.8564579595601698
0.8732784950593592
0.865084693348695
0.8763584228704907
0.8754962395389735
0.8607718779223495
0.8732486662435544
0.8650256984190378
0.8772248729412802
0.8725558868974209
0.8531327611843569
0.8733952556480427
0.8634166155321195
0.8814554675250269
0.8694269578628595
0.8494887047194689
0.8773611503836513
0.8689520289025321
0.8766324955249144
0.8729413808596277
0.8517710051848065
