0.8373422303035746
0.834554287352573
0.8377093190648376
0.8267855451622736
0.834183212344438
0.8345139326775538
0.83757298921189
0.8365183550830811
0.8396068099526964
0.8317717496157265
0.8289639546064645
0.8356543179867036
0.8358593010387937
0.8296675736373508
0.8368702467617828
0.8371233385522879
0.8343352650855985
0.8361244969848323
0.8321247684493999
0.8361307690376462
0.8367455752423384
0.8382788385169055
0.8349713934531763
0.8344489636889053
0.8384339659229704
0.8366733516969352
0.8355882901733579
0.8366026878594416
0.8386280654649291
0.8349543152940792
