0.7975503516253447
0.7917327913445215
0.7932516298478683
0.7965288555515637
0.8009031546073939
0.7959533779714275
0.798854837487638
0.7911593666793889
0.7921158056869554
0.804020323660898
0.7965100805504396
0.7937585338897385
0.7928085876150314
0.7991642660615531
0.7982265811090826
0.799010644908606
0.7968216180403246
0.8007546728212174
0.7901228286093196
0.7975007412702921
0.795470516002156
0.7984400588409962
0.7960734975225181
0.7961974548781067
0.7956667918264299
0.7960720113991463
0.7936560303084234
0.7935279413723242
0.8027825455495208
0.7956392620089815
