0.6416332991780228
0.6413909235180221
0.6340935535909278
0.6391225398903072
0.6364873803946599
0.639798436280207
0.6310488795198509
0.6421595084867217
0.639235718782129
0.6388432661928823
0.6385992721069065
0.62754715000832
0.6423676033712107
0.6436304137843488
0.6402871117981583
0.6435740683290218
0.6369238447901947
0.6388154009066208
0.6387767994290925
0.6341620977082519
0.6344671459623008
0.63604191473196
0.6395007327161265
0.638567440105471
0.6406159177197525
0.6403203108351025
0.6374555259910614
0.6423991445747389
0.6342173262047858
0.6364317402269829
