0.7403000070742349
0.7353493416635976
0.7310152362708181
0.7310979490012435
0.7417564836759789
0.7407526510386537
0.7326499677070529
0.7330415661648476
0.733235226799304
0.736083501112073
0.7293057998687171
0.7329199525920544
0.7393144804018988
0.7249883914018002
0.7303792973442434
0.7343295596398417
0.7351066320744256
0.731254540966373
0.7427112600061202
0.7361891673783741
0.7361259510907919
0.7309434126505366
0.7375305992337943
0.7354013790232504
0.73135004566408
0.73572669423271
0.7303596061686525
0.7373862491193313
0.739856453138069
0.7306436461348674
