0.8112727200818362
0.8087503367756832
0.8165066908456717
0.8092345691844396
0.811757687668725
0.81216007792217
0.815701255223022
0.8129908976522553
0.8018413446172127
0.8159887054087472
0.8150205698363154
0.8174823833446428
0.811601722998928
0.8047024084151619
0.8093490585062592
0.8094008560491887
0.8112764299636943
0.81040261205841
0.8097401830949719
0.8149903774638019
0.8118904362809896
0.8108430434447792
0.8110927710837207
0.8150937627185216
0.8088067133298887
0.8117348618820457
0.8118297135434305
0.8126588284092623
0.8118559935557075
0.8100606001506203
