0.7576094313905267
0.7577553961971756
0.7580330760255012
0.7578166360481812
0.7630272685527487
0.7523901448310605
0.7610538527503811
0.7569354202429038
0.7602624709909253
0.758972499869151
0.7498876851101716
0.7610689370881234
0.7586931730436276
0.7651903647067021
0.7570622249010236
0.7595508062944774
0.7673282253769953
0.7548722801185718
0.7594735711706915
0.7568788020181199
0.7549667514131922
0.7651839251475129
0.7585381368750291
0.7624318643869646
0.756049687466608
0.7549517554319246
0.7570727946342725
0.7610902723181642
0.7520994581696376
0.7644464881697378
