0.4171911174096043
0.4204243362408387
0.4166519839325618
0.43049706749517463
0.42565742155782815
0.4193743586631316
0.4253050476694316
0.43032350513355627
0.42412839300040944
0.4075175000935783
0.4243118913881323
0.41658699228103857
0.42236728822586783
0.4216738362511405
0.42383834873343007
0.4207055761309661
0.42329937257992434
0.4201957787393115
0.42401241197038725
0.43043544273711865
0.4218993831796834
0.4221174095849049
0.42794545046585325
0.42458098396664967
0.4217223436183158
0.4235031679242218
0.42117393682320636
0.43132193344725533
0.420836355054524
0.4238809555323028
