0.8439339160920206
0.8427246764059827
0.8412850806413957
0.8444498912422044
0.8416086573023072
0.8435172125773875
0.8437772774523946
0.8484575800891797
0.8420859240126499
0.8383685533346076
0.8431235890654487
0.8438346993228029
0.8382369252001675
0.8447128985394142
0.8454193960755861
0.8471957392472357
0.8447939504355104
0.8383568092304103
0.8422776354687981
0.8430137362073956
0.8413813919718347
0.8438319944310431
0.845882719365863
0.8427588161864871
0.8423483636806385
0.8470084480400031
0.841930540564959
0.8471742982217174
0.8421985734288192
0.8372443138946105
