0.8057282102189434
0.8096980601830865
0.806072739192634
0.806563708778104
0.8090718003497911
0.8156651517936359
0.8090403728752767
0.8058010166391734
0.8096257179860998
0.8079935917854248
0.8118320172292752
0.8059617700983063
0.8099052470523785
0.8148386667261972
0.807680866321809
0.811125345599461
0.8122289438283912
0.8095707146465299
0.813436303853881
0.8096453532439654
0.8035847171110314
0.8057877495374429
0.8089946156338671
0.8062569651250793
0.8152839334231506
0.8187759771665225
0.8003314435205126
0.8113629153841847
0.8083769998675526
0.8102659262814379
