0.530901854104284
0.548657900791729
0.5602118489847285
0.5336426429176925
0.5290573731653784
0.530901854104284
0.548657900791729
0.5602118489847285
0.5336426429176925
0.5290573731653784
0.530901854104284
0.548657900791729
0.5602118489847285
0.5336426429176925
0.5290573731653784
0.530901854104284
0.548657900791729
0.5602118489847285
0.5336426429176925
0.5290573731653784
0.530901854104284
0.548657900791729
0.5602118489847285
0.5336426429176925
0.5290573731653784
0.530901854104284
0.548657900791729
0.5602118489847285
0.5336426429176925
0.5290573731653784
