0.8887581477956381
0.88455814526212
0.8869246070235638
0.8842150929874033
0.8883403517247359
0.8895966199567121
0.8850640088885656
0.8843257226069268
0.8872458611730628
0.887430568106404
0.8892090783047766
0.8913581675351826
0.8858215619024592
0.8830216048049953
0.8836912455733531
0.8835795282578113
0.8852684214107716
0.8863463885816049
0.888845881686244
0.8874199411334299
0.8866682973078284
0.8862979372289663
0.884518539962261
0.8822453760433712
0.8899273813478715
0.8869958395951082
0.8842113172361373
0.8868163292750578
0.884495996771935
0.88966723301449
