0.8749212974444606
0.876707948367712
0.8821406746029264
0.8865530348686935
0.8798142705783646
0.8793741278266185
0.87787322472661
0.8831151529335179
0.8803018046441506
0.880414660170433
0.8788610676855368
0.8779125703178883
0.8820772138745813
0.8797960684777263
0.8842967191535415
0.8846180917367445
0.8847996254912823
0.8766792939320446
0.8786158945506588
0.876923294080671
0.8776576632811105
0.8799354302208046
0.8806949584109903
0.8812034539779553
0.8835149694933607
0.87600718213245
0.8817144783634207
0.8771007320124403
0.8812307530885427
0.8862562392801797
