0.8956268897914121
0.901548183498527
0.8916207551403815
0.8945201566814728
0.8965898561828213
0.8974619005104886
0.8943314803659336
0.8963750184106553
0.894953094373526
0.8999473975457066
0.8959047964979904
0.8999365188365802
0.9001904397977323
0.8956477730867266
0.8948404726511073
0.8988988344784338
0.8957912674840753
0.8937378654709821
0.8966198248621934
0.8974490584785539
0.8979658185514247
0.8945151349975554
0.8975497331532033
0.8969360238729945
0.9019136953104446
0.8987649315338722
0.8991147857329435
0.8915514413742756
0.8956497529305839
0.9004774672278594
