0.8860324500539777
0.8831839693344049
0.8870451745110589
0.883130043899087
0.883522586117075
0.8829120379806431
0.8838014982740336
0.8841111497218718
0.882547213219385
0.8843978261249642
0.8852570782885226
0.8830569087763324
0.8806532623283586
0.8854042010236572
0.8876010834682956
0.8841581022938071
0.8861240956263154
0.8833832045723744
0.8856512093767329
0.8826760926334023
0.8790413057131164
0.8799826777472187
0.8807445339832479
0.8853943755429511
0.8869140458879007
0.8872908227740548
0.8810411282655627
0.8852920177058864
0.8800916971321855
0.8864094425234234
