0.5529251894420049
0.5460920427094705
0.5532342773960444
0.5455285836967086
0.5484600245153562
0.5467358796305768
0.5514518543780069
0.5482016871610655
0.5511875809378864
0.5466785058143661
0.5545622646632621
0.5462607744951742
0.5623954808812732
0.546292575626203
0.5482259840082745
0.5473484899912697
0.5434074538055421
0.5547665525986082
0.5498714937188928
0.5507040976832218
0.553052205607821
0.5517861436032486
0.5525288846649699
0.5378812972282513
0.5455472090072399
0.5470121379839369
0.5555745746044131
0.5497410311514959
0.5449014608053608
0.560215804761682
